m_per_m: 0.14868082106113434
rad_per_m: 0.0013000845210626721
