m_per_m: 0.15663175284862518
rad_per_m: 0.0013453419087454677
