m_per_m: 0.11827373504638672
rad_per_m: 0.0011874805204570293
