m_per_m: 0.14857135713100433
rad_per_m: 0.001299318391829729
