m_per_m: 0.12614679336547852
rad_per_m: 0.0012095441343262792
