m_per_m: 0.20197372138500214
rad_per_m: 0.0017661990132182837
