m_per_m: 0.13593773543834686
rad_per_m: 0.0013458221219480038
