m_per_m: 0.11845900863409042
rad_per_m: 0.0017945177387446165
