m_per_m: 0.13905487954616547
rad_per_m: 0.0012979567982256413
