m_per_m: 0.123033307492733
rad_per_m: 0.0014464209089055657
