m_per_m: 0.16094984114170074
rad_per_m: 0.0019168747821822762
