m_per_m: 0.7144014239311218
rad_per_m: 0.013009153306484222
