m_per_m: 0.29884761571884155
rad_per_m: 0.0020720488391816616
