m_per_m: 0.19407644867897034
rad_per_m: 0.0010930264834314585
