m_per_m: 0.16351650655269623
rad_per_m: 0.0005079132970422506
