m_per_m: 0.18279187381267548
rad_per_m: 0.0016090156277641654
