m_per_m: 0.13901126384735107
rad_per_m: 0.0012990930117666721
