m_per_m: 0.1759648472070694
rad_per_m: 0.0010639539686962962
