m_per_m: 0.13896717131137848
rad_per_m: 0.0012990736868232489
