m_per_m: 0.13909608125686646
rad_per_m: 0.0012991316616535187
