m_per_m: 0.20157597959041595
rad_per_m: 0.0017664390616118908
