m_per_m: 0.14856868982315063
rad_per_m: 0.0012993625132367015
