m_per_m: 0.1636849194765091
rad_per_m: 0.0005066459998488426
