m_per_m: 0.1085507944226265
rad_per_m: 0.0005084042204543948
