m_per_m: 0.18279190361499786
rad_per_m: 0.0016090137651190162
