m_per_m: 0.20844092965126038
rad_per_m: 0.002561205066740513
