m_per_m: 0.7321860790252686
rad_per_m: 0.016531456261873245
