m_per_m: 0.21519283950328827
rad_per_m: 0.0017212320817634463
