m_per_m: 0.7906838655471802
rad_per_m: 0.0005209207301959395
