m_per_m: 0.13912515342235565
rad_per_m: 0.0013003780040889978
