m_per_m: 0.14847198128700256
rad_per_m: 0.0012998273596167564
