m_per_m: 0.13389049470424652
rad_per_m: 0.0011861954117193818
