m_per_m: 0.18279191851615906
rad_per_m: 0.0016090123681351542
