m_per_m: 0.2127559632062912
rad_per_m: 0.0013689928455278277
