m_per_m: 0.1628231704235077
rad_per_m: 0.0013446253724396229
