m_per_m: 0.2724994719028473
rad_per_m: 0.0011464039562270045
