m_per_m: 0.692131519317627
rad_per_m: 0.00629400834441185
