m_per_m: 0.14870592951774597
rad_per_m: 0.0011865108972415328
