m_per_m: 0.1492830365896225
rad_per_m: 0.0024539558216929436
