m_per_m: 0.1620599627494812
rad_per_m: 0.0005063207936473191
