m_per_m: 0.28171393275260925
rad_per_m: 0.0013267234899103642
