m_per_m: 0.8248963356018066
rad_per_m: 0.007764182053506374
