m_per_m: 0.1698780655860901
rad_per_m: 0.0015855422243475914
