m_per_m: 0.12567806243896484
rad_per_m: 0.0012100380845367908
