m_per_m: 0.1462126523256302
rad_per_m: 0.0012855849927291274
