m_per_m: 0.14869359135627747
rad_per_m: 0.0011853579198941588
