m_per_m: 0.12451408058404922
rad_per_m: 0.001209961948916316
