m_per_m: 0.13907890021800995
rad_per_m: 0.001299394527450204
