m_per_m: 0.18271006643772125
rad_per_m: 0.001610789680853486
