m_per_m: 0.23369084298610687
rad_per_m: 0.001372119877487421
