m_per_m: 0.18278218805789948
rad_per_m: 0.0016089173732325435
