m_per_m: 0.12204699218273163
rad_per_m: 0.0012541005853563547
