m_per_m: 0.1626625508069992
rad_per_m: 0.0013443176867440343
