m_per_m: 0.23384104669094086
rad_per_m: 0.0013731977669522166
