m_per_m: 0.2334376573562622
rad_per_m: 0.0013647801242768764
