m_per_m: 0.14857403934001923
rad_per_m: 0.0012992958072572947
