m_per_m: 0.19893169403076172
rad_per_m: 0.0010938552441075444
