m_per_m: 0.20156387984752655
rad_per_m: 0.001761621912010014
