m_per_m: 0.14862899482250214
rad_per_m: 0.0011877160286530852
