m_per_m: 0.29744359850883484
rad_per_m: 0.0010535772889852524
