m_per_m: 0.6983733177185059
rad_per_m: 0.004504386335611343
