m_per_m: 0.12638519704341888
rad_per_m: 0.0005082261050119996
