m_per_m: 0.11829466372728348
rad_per_m: 0.0017085198778659105
