m_per_m: 0.13392286002635956
rad_per_m: 0.0011862138053402305
