m_per_m: 0.16353511810302734
rad_per_m: 0.0005073192878626287
