m_per_m: 0.16348767280578613
rad_per_m: 0.0005070250481367111
