m_per_m: 0.16960999369621277
rad_per_m: 0.0017694546841084957
