m_per_m: 0.14870226383209229
rad_per_m: 0.0011862675892189145
