m_per_m: 0.20644991099834442
rad_per_m: 0.001369124511256814
