m_per_m: 0.13753850758075714
rad_per_m: 0.0012960574822500348
