m_per_m: 0.2845410704612732
rad_per_m: 0.0017229506047442555
