m_per_m: 0.7274940609931946
rad_per_m: 0.00628658477216959
