m_per_m: 0.16275188326835632
rad_per_m: 0.0013454749714583158
