m_per_m: 0.15138360857963562
rad_per_m: 0.0013436242006719112
