m_per_m: 0.20621508359909058
rad_per_m: 0.0013697779504582286
