m_per_m: 0.12590906023979187
rad_per_m: 0.0012343089329078794
