m_per_m: 0.12367504090070724
rad_per_m: 0.0012786004226654768
