m_per_m: 0.1624753326177597
rad_per_m: 0.0013448639074340463
