m_per_m: 0.18110394477844238
rad_per_m: 0.0016092153964564204
