m_per_m: 0.11982808262109756
rad_per_m: 0.0012207463150843978
