m_per_m: 0.11771705746650696
rad_per_m: 0.0018426011083647609
