m_per_m: 0.19853061437606812
rad_per_m: 0.0010923746740445495
