m_per_m: 0.1816173791885376
rad_per_m: 0.0010855395812541246
