m_per_m: 0.17242783308029175
rad_per_m: 0.0016109634889289737
