m_per_m: 0.13388535380363464
rad_per_m: 0.0011860851664096117
