m_per_m: 0.13901136815547943
rad_per_m: 0.0012991230469197035
