m_per_m: 0.12371141463518143
rad_per_m: 0.0013561493251472712
