m_per_m: 0.16033606231212616
rad_per_m: 0.0016904084477573633
