m_per_m: 0.23393438756465912
rad_per_m: 0.0013730978826060891
