m_per_m: 0.23393267393112183
rad_per_m: 0.0013730140635743737
