m_per_m: 0.23393455147743225
rad_per_m: 0.0013730982318520546
