m_per_m: 0.12597358226776123
rad_per_m: 0.001237014657817781
