m_per_m: 0.23387427628040314
rad_per_m: 0.0013732864754274487
