m_per_m: 0.12615765631198883
rad_per_m: 0.0012381533160805702
