m_per_m: 0.1602114886045456
rad_per_m: 0.0017956405645236373
