m_per_m: 0.7885012626647949
rad_per_m: 0.0073507726192474365
