m_per_m: 0.3499521017074585
rad_per_m: 0.001836771727539599
