m_per_m: 0.14850595593452454
rad_per_m: 0.0012993806740269065
