m_per_m: 0.1639246642589569
rad_per_m: 0.0005071143386885524
