m_per_m: 0.1260164976119995
rad_per_m: 0.001235400210134685
