m_per_m: 0.11948608607053757
rad_per_m: 0.0012115697609260678
