m_per_m: 0.14875181019306183
rad_per_m: 0.000505875505041331
