m_per_m: 0.20209044218063354
rad_per_m: 0.001766309142112732
