m_per_m: 0.20626437664031982
rad_per_m: 0.0013695982052013278
