m_per_m: 0.14855839312076569
rad_per_m: 0.0012990584364160895
