m_per_m: 0.14847491681575775
rad_per_m: 0.001299979630857706
