m_per_m: 0.12089312821626663
rad_per_m: 0.0012478216085582972
