m_per_m: 0.1969812512397766
rad_per_m: 0.0010857771849259734
