m_per_m: 0.198601633310318
rad_per_m: 0.0010950941359624267
