m_per_m: 0.18271131813526154
rad_per_m: 0.0016107065603137016
