m_per_m: 0.16273455321788788
rad_per_m: 0.00134600221645087
