m_per_m: 0.17984126508235931
rad_per_m: 0.001072714221663773
