m_per_m: 0.1259060502052307
rad_per_m: 0.001234313240274787
