m_per_m: 0.1260867565870285
rad_per_m: 0.0012097230646759272
