m_per_m: 0.12590588629245758
rad_per_m: 0.001234309864230454
