m_per_m: 0.12614315748214722
rad_per_m: 0.0012095724232494831
