m_per_m: 0.1260865181684494
rad_per_m: 0.0012365516740828753
