m_per_m: 0.13377617299556732
rad_per_m: 0.0011859888909384608
