m_per_m: 0.14857232570648193
rad_per_m: 0.0012993048876523972
