m_per_m: 0.23288197815418243
rad_per_m: 0.0013717318652197719
