m_per_m: 0.16256707906723022
rad_per_m: 0.0013446866068989038
