m_per_m: 0.1486303210258484
rad_per_m: 0.0011859714286401868
