m_per_m: 0.1486249566078186
rad_per_m: 0.0011877933284267783
