m_per_m: 0.8346956968307495
rad_per_m: 0.00012573982530739158
