m_per_m: 0.29969537258148193
rad_per_m: 0.0014823157107457519
