m_per_m: 0.1261468529701233
rad_per_m: 0.0012096210848540068
