m_per_m: 0.1641041785478592
rad_per_m: 0.0005072582862339914
