m_per_m: 0.19893164932727814
rad_per_m: 0.0010938552441075444
