m_per_m: 0.8492336273193359
rad_per_m: 0.0066008977591991425
