m_per_m: 0.40884751081466675
rad_per_m: 0.0017622085288167
