m_per_m: 0.16643717885017395
rad_per_m: 0.0016012740088626742
