m_per_m: 0.17505386471748352
rad_per_m: 0.0010797841241583228
