m_per_m: 0.1258554458618164
rad_per_m: 0.0012092678807675838
