m_per_m: 0.1638343334197998
rad_per_m: 0.0005070160841569304
