m_per_m: 0.12591224908828735
rad_per_m: 0.00123437715228647
