m_per_m: 0.16491882503032684
rad_per_m: 0.0015963960904628038
