m_per_m: 0.1186467856168747
rad_per_m: 0.001415160484611988
