m_per_m: 0.11992596834897995
rad_per_m: 0.0012123497435823083
