m_per_m: 0.12589600682258606
rad_per_m: 0.0012368711177259684
