m_per_m: 0.1251867711544037
rad_per_m: 0.0012098883744329214
