m_per_m: 0.12298499047756195
rad_per_m: 0.0014039447996765375
