m_per_m: 0.36327818036079407
rad_per_m: 0.0015012410003691912
