m_per_m: 0.8284871578216553
rad_per_m: 0.00832531601190567
