m_per_m: 0.7977734208106995
rad_per_m: 0.007126153912395239
