m_per_m: 0.3020113408565521
rad_per_m: 0.0019410226959735155
