m_per_m: 0.18066371977329254
rad_per_m: 0.0010405253851786256
