m_per_m: 0.16353505849838257
rad_per_m: 0.000507319113239646
