m_per_m: 0.18928483128547668
rad_per_m: 0.001764641492627561
