m_per_m: 0.1948326826095581
rad_per_m: 0.0016696428647264838
