m_per_m: 0.20671869814395905
rad_per_m: 0.0013691196218132973
