m_per_m: 0.16033251583576202
rad_per_m: 0.0017890373710542917
