m_per_m: 0.12213019281625748
rad_per_m: 0.0014488925226032734
