m_per_m: 0.1225447952747345
rad_per_m: 0.0012810836778953671
