m_per_m: 0.18273836374282837
rad_per_m: 0.0016094603342935443
