m_per_m: 0.17988742887973785
rad_per_m: 0.0015486537013202906
