m_per_m: 0.1192099079489708
rad_per_m: 0.0014985864982008934
