m_per_m: 0.14862799644470215
rad_per_m: 0.0011878287186846137
