m_per_m: 0.11875420063734055
rad_per_m: 0.001377435284666717
