m_per_m: 0.1487036645412445
rad_per_m: 0.0011864270782098174
