m_per_m: 0.16017496585845947
rad_per_m: 0.0017897164216265082
