m_per_m: 0.1635514199733734
rad_per_m: 0.0005073050851933658
