m_per_m: 0.12468241900205612
rad_per_m: 0.001233187154866755
