m_per_m: 0.2338481843471527
rad_per_m: 0.0013723389711230993
