m_per_m: 0.13902854919433594
rad_per_m: 0.0012991958064958453
