m_per_m: 0.19685205817222595
rad_per_m: 0.0010709345806390047
