m_per_m: 0.1768212765455246
rad_per_m: 0.0010777077404782176
