m_per_m: 0.12065909057855606
rad_per_m: 0.001208876958116889
