m_per_m: 0.23395822942256927
rad_per_m: 0.0013726480538025498
