m_per_m: 0.14862793684005737
rad_per_m: 0.0011877934448421001
