m_per_m: 0.23273751139640808
rad_per_m: 0.0014337380416691303
