m_per_m: 0.12614411115646362
rad_per_m: 0.0012095530983060598
