m_per_m: 0.10499346256256104
rad_per_m: 0.0005087610334157944
