m_per_m: 0.12401507794857025
rad_per_m: 0.001398099702782929
