m_per_m: 0.16302284598350525
rad_per_m: 0.0005075501394458115
