m_per_m: 0.1890559047460556
rad_per_m: 0.0010674254735931754
