m_per_m: 0.1485782265663147
rad_per_m: 0.0012994726421311498
