m_per_m: 0.12611868977546692
rad_per_m: 0.001209388836286962
