m_per_m: 0.14847096800804138
rad_per_m: 0.0012998423771932721
