m_per_m: 0.12012210488319397
rad_per_m: 0.0012304988922551274
