m_per_m: 0.19893157482147217
rad_per_m: 0.001093854894861579
