m_per_m: 0.12425801157951355
rad_per_m: 0.0012112114345654845
