m_per_m: 0.15345853567123413
rad_per_m: 0.002168930135667324
