m_per_m: 0.13250632584095
rad_per_m: 0.0011869568843394518
