m_per_m: 0.12309611588716507
rad_per_m: 0.0013474986189976335
