m_per_m: 0.19811804592609406
rad_per_m: 0.001095622661523521
