m_per_m: 0.20203790068626404
rad_per_m: 0.0017662091413512826
