m_per_m: 0.13137182593345642
rad_per_m: 0.0011871122987940907
