m_per_m: 0.12608537077903748
rad_per_m: 0.0012341775000095367
