m_per_m: 0.12303873151540756
rad_per_m: 0.0013458003522828221
