m_per_m: 0.14870594441890717
rad_per_m: 0.001186438137665391
