m_per_m: 0.1486160159111023
rad_per_m: 0.0011860481463372707
