m_per_m: 0.21234743297100067
rad_per_m: 0.0013689063489437103
