m_per_m: 0.16392464935779572
rad_per_m: 0.0005071143386885524
