m_per_m: 0.18455541133880615
rad_per_m: 0.001767577137798071
