m_per_m: 0.148657888174057
rad_per_m: 0.0011875891359522939
