m_per_m: 0.2186681479215622
rad_per_m: 0.0013763867318630219
