m_per_m: 0.23368030786514282
rad_per_m: 0.0013720729621127248
