m_per_m: 0.10657423734664917
rad_per_m: 0.0005084947915747762
