m_per_m: 0.1649034023284912
rad_per_m: 0.0016004182398319244
