m_per_m: 0.7412394881248474
rad_per_m: 0.007274384144693613
