m_per_m: 0.248635932803154
rad_per_m: 0.0017559928819537163
