m_per_m: 0.1635514348745346
rad_per_m: 0.000507307006046176
