m_per_m: 0.37359175086021423
rad_per_m: 0.0017523939022794366
