m_per_m: 0.7603376507759094
rad_per_m: 0.005769579205662012
