m_per_m: 0.126056507229805
rad_per_m: 0.0012098451843485236
