m_per_m: 0.16286416351795197
rad_per_m: 0.0013454555300995708
