m_per_m: 0.13905417919158936
rad_per_m: 0.0012991063995286822
