m_per_m: 0.2322053611278534
rad_per_m: 0.0014038493391126394
