m_per_m: 0.16209815442562103
rad_per_m: 0.0013458941830322146
