m_per_m: 0.23144133388996124
rad_per_m: 0.0016810124507173896
