m_per_m: 0.13317576050758362
rad_per_m: 0.0011862703831866384
