m_per_m: 0.19878123700618744
rad_per_m: 0.001094863866455853
