m_per_m: 0.14857438206672668
rad_per_m: 0.0012992422562092543
