m_per_m: 0.12596599757671356
rad_per_m: 0.0012071994133293629
