m_per_m: 0.2121831476688385
rad_per_m: 0.0013688458129763603
