m_per_m: 0.19411924481391907
rad_per_m: 0.0017641050508245826
