m_per_m: 0.12614554166793823
rad_per_m: 0.0012097603175789118
