m_per_m: 0.1826438307762146
rad_per_m: 0.0016085384413599968
