m_per_m: 0.10890473425388336
rad_per_m: 0.0005086638266220689
