m_per_m: 0.20208525657653809
rad_per_m: 0.0017657532589510083
