m_per_m: 0.12605667114257812
rad_per_m: 0.001209821435622871
