m_per_m: 0.23368032276630402
rad_per_m: 0.0013720717979595065
