m_per_m: 0.12493915855884552
rad_per_m: 0.001209999667480588
