m_per_m: 0.18272045254707336
rad_per_m: 0.00161103461869061
