m_per_m: 0.278347373008728
rad_per_m: 0.0014033091720193624
