m_per_m: 0.8541711568832397
rad_per_m: 0.006163105368614197
