m_per_m: 0.14476284384727478
rad_per_m: 0.0005060267285443842
