m_per_m: 0.20204786956310272
rad_per_m: 0.001765859080478549
