m_per_m: 0.16282756626605988
rad_per_m: 0.001614336739294231
