m_per_m: 0.14840783178806305
rad_per_m: 0.0011890580644831061
