m_per_m: 0.1827918440103531
rad_per_m: 0.0016090152785182
