m_per_m: 0.10653644800186157
rad_per_m: 0.0005086646997369826
