m_per_m: 0.20208534598350525
rad_per_m: 0.001766140921972692
