m_per_m: 0.17558903992176056
rad_per_m: 0.0010856114095076919
