m_per_m: 0.11964204907417297
rad_per_m: 0.0012213195441290736
