m_per_m: 0.23393459618091583
rad_per_m: 0.0013731041690334678
