m_per_m: 0.14846739172935486
rad_per_m: 0.0012999707832932472
