m_per_m: 0.20158691704273224
rad_per_m: 0.0017664600163698196
