m_per_m: 0.2339344024658203
rad_per_m: 0.0013730950886383653
