m_per_m: 0.12550334632396698
rad_per_m: 0.0012611557031050324
