m_per_m: 0.16266624629497528
rad_per_m: 0.0013465951196849346
