m_per_m: 0.20198416709899902
rad_per_m: 0.0017661515157669783
