m_per_m: 0.1484941840171814
rad_per_m: 0.0011812158627435565
