m_per_m: 0.12236496061086655
rad_per_m: 0.0014621128793805838
