m_per_m: 0.20208314061164856
rad_per_m: 0.0017660006415098906
