m_per_m: 0.21267405152320862
rad_per_m: 0.0013688690960407257
