m_per_m: 0.14118847250938416
rad_per_m: 0.000507171091157943
