m_per_m: 0.23393309116363525
rad_per_m: 0.0013730375794693828
