m_per_m: 0.20194672048091888
rad_per_m: 0.0017654719995334744
