m_per_m: 0.2015136033296585
rad_per_m: 0.0017658310243859887
