m_per_m: 0.18267151713371277
rad_per_m: 0.0016072586877271533
