m_per_m: 0.23323918879032135
rad_per_m: 0.0013743337476626039
