m_per_m: 0.18030278384685516
rad_per_m: 0.0010936300968751311
