m_per_m: 0.23368586599826813
rad_per_m: 0.0013720820425078273
