m_per_m: 0.11918263137340546
rad_per_m: 0.0016359047731384635
