m_per_m: 0.19862933456897736
rad_per_m: 0.0010953852906823158
