m_per_m: 0.14848798513412476
rad_per_m: 0.001299876719713211
