m_per_m: 0.20208662748336792
rad_per_m: 0.0017658560536801815
