m_per_m: 0.16247756779193878
rad_per_m: 0.0013448776444420218
