m_per_m: 0.1484931856393814
rad_per_m: 0.0011854915646836162
