m_per_m: 0.17708469927310944
rad_per_m: 0.001077811117284
