m_per_m: 0.19581422209739685
rad_per_m: 0.0016491796122863889
