m_per_m: 0.1485716849565506
rad_per_m: 0.0012994566932320595
