m_per_m: 0.2336852252483368
rad_per_m: 0.0013720226706936955
