m_per_m: 0.12608182430267334
rad_per_m: 0.0012094436679035425
