m_per_m: 0.13905151188373566
rad_per_m: 0.0012991414405405521
