m_per_m: 0.14862488210201263
rad_per_m: 0.001187782152555883
