m_per_m: 0.16003787517547607
rad_per_m: 0.0017898178193718195
