m_per_m: 0.23367907106876373
rad_per_m: 0.0013720052083954215
