m_per_m: 0.1331346184015274
rad_per_m: 0.0010857153213234144
