m_per_m: 0.14846494793891907
rad_per_m: 0.0012999969767406583
