m_per_m: 0.19890455901622772
rad_per_m: 0.0010938298655673862
