m_per_m: 0.21262480318546295
rad_per_m: 0.0013686222955584526
