m_per_m: 0.12615741789340973
rad_per_m: 0.0012381172273308039
