m_per_m: 0.18247473239898682
rad_per_m: 0.0016075953608378768
