m_per_m: 0.1813555806875229
rad_per_m: 0.0016111439326778054
