m_per_m: 0.10969231277704239
rad_per_m: 0.0005084170843474567
