m_per_m: 0.1391047090291977
rad_per_m: 0.0012991363182663918
