m_per_m: 0.12591004371643066
rad_per_m: 0.0012343660928308964
