m_per_m: 0.16365240514278412
rad_per_m: 0.0005070323823019862
