m_per_m: 0.12282505631446838
rad_per_m: 0.0013847582740709186
