m_per_m: 0.14862360060214996
rad_per_m: 0.001187685295008123
