m_per_m: 0.13908691704273224
rad_per_m: 0.0012991271214559674
