m_per_m: 0.16954822838306427
rad_per_m: 0.0017754666041582823
