m_per_m: 0.1827182024717331
rad_per_m: 0.0016107052797451615
