m_per_m: 0.23368585109710693
rad_per_m: 0.0013720773858949542
