m_per_m: 0.163551464676857
rad_per_m: 0.0005073014181107283
