m_per_m: 0.29818490147590637
rad_per_m: 0.0015677143819630146
