m_per_m: 0.7790703177452087
rad_per_m: 0.012042364105582237
