m_per_m: 0.20206154882907867
rad_per_m: 0.0017663901671767235
