m_per_m: 0.16270427405834198
rad_per_m: 0.0013455406296998262
