m_per_m: 0.12325605750083923
rad_per_m: 0.0012783023994415998
