m_per_m: 0.14870594441890717
rad_per_m: 0.0011864661937579513
