m_per_m: 0.12411757558584213
rad_per_m: 0.0013904222287237644
