m_per_m: 0.16276678442955017
rad_per_m: 0.0013451812556013465
