m_per_m: 0.16246667504310608
rad_per_m: 0.0013448423705995083
