m_per_m: 0.12300708889961243
rad_per_m: 0.000510101206600666
