m_per_m: 0.12614820897579193
rad_per_m: 0.0012096690479665995
