m_per_m: 0.14882323145866394
rad_per_m: 0.0011878859950229526
