m_per_m: 0.7588498592376709
rad_per_m: 0.011218097992241383
