m_per_m: 0.23565973341464996
rad_per_m: 0.0014781936770305037
