m_per_m: 0.14846967160701752
rad_per_m: 0.0012998796300962567
