m_per_m: 0.16009891033172607
rad_per_m: 0.001781814731657505
