m_per_m: 0.13915576040744781
rad_per_m: 0.001299087074585259
