m_per_m: 0.14870527386665344
rad_per_m: 0.0011864224215969443
