m_per_m: 0.2337803840637207
rad_per_m: 0.0013713724911212921
