m_per_m: 0.14848336577415466
rad_per_m: 0.0012995412107557058
