m_per_m: 0.2015845775604248
rad_per_m: 0.001766446977853775
