m_per_m: 0.12564478814601898
rad_per_m: 0.0012084104819223285
