m_per_m: 0.12620462477207184
rad_per_m: 0.0012098633451387286
