m_per_m: 0.16013771295547485
rad_per_m: 0.0015728069702163339
