m_per_m: 0.11755108833312988
rad_per_m: 0.0017776930471882224
