m_per_m: 0.15558259189128876
rad_per_m: 0.002289452822878957
