m_per_m: 0.19860132038593292
rad_per_m: 0.0010950893629342318
