m_per_m: 0.15664644539356232
rad_per_m: 0.0013432343257591128
