m_per_m: 0.17590276896953583
rad_per_m: 0.0010684916051104665
