m_per_m: 0.1639246940612793
rad_per_m: 0.0005071143386885524
