m_per_m: 0.2015792727470398
rad_per_m: 0.0017666833009570837
