m_per_m: 0.13375471532344818
rad_per_m: 0.0011860971571877599
