m_per_m: 0.14870615303516388
rad_per_m: 0.0011864867992699146
