m_per_m: 0.1827918142080307
rad_per_m: 0.001609015162102878
