m_per_m: 0.19899794459342957
rad_per_m: 0.0010955337202176452
