m_per_m: 0.1534990817308426
rad_per_m: 0.002218892564997077
