m_per_m: 0.16278091073036194
rad_per_m: 0.0013448982499539852
