m_per_m: 0.12590746581554413
rad_per_m: 0.0012342683039605618
