m_per_m: 0.21234829723834991
rad_per_m: 0.001368977944366634
