m_per_m: 0.1171533539891243
rad_per_m: 0.001233425429577259
