m_per_m: 0.20129413902759552
rad_per_m: 0.0017682258039712906
