m_per_m: 0.12341902405023575
rad_per_m: 0.0014561406569555402
