m_per_m: 0.1753869503736496
rad_per_m: 0.0010587344877421856
