m_per_m: 0.12331928312778473
rad_per_m: 0.0013456650776788592
