m_per_m: 0.7844598889350891
rad_per_m: 0.008046307601034641
