m_per_m: 0.2498117983341217
rad_per_m: 0.001383728114888072
