m_per_m: 0.12373119592666626
rad_per_m: 0.001356257707811892
