m_per_m: 0.11460172384977341
rad_per_m: 0.0005085868760943413
