m_per_m: 0.11683225631713867
rad_per_m: 0.001726794638670981
