m_per_m: 0.16006745398044586
rad_per_m: 0.001791489077731967
