m_per_m: 0.12615562975406647
rad_per_m: 0.0012380924308672547
