m_per_m: 0.16281569004058838
rad_per_m: 0.0013440930051729083
