m_per_m: 0.19887952506542206
rad_per_m: 0.0010938002960756421
