m_per_m: 0.15856431424617767
rad_per_m: 0.0022235047072172165
