m_per_m: 0.1486929953098297
rad_per_m: 0.001186427311040461
