m_per_m: 0.12661920487880707
rad_per_m: 0.000508280354551971
