m_per_m: 0.18271981179714203
rad_per_m: 0.0016110338037833571
