m_per_m: 0.12614725530147552
rad_per_m: 0.0012097634607926011
