m_per_m: 0.16247373819351196
rad_per_m: 0.001344821765087545
