m_per_m: 0.16269949078559875
rad_per_m: 0.0013456554152071476
