m_per_m: 0.16309364140033722
rad_per_m: 0.0005078736576251686
