m_per_m: 0.20157170295715332
rad_per_m: 0.0017662274185568094
