m_per_m: 0.16295385360717773
rad_per_m: 0.0005078953108750284
