m_per_m: 0.19755981862545013
rad_per_m: 0.0019592514727264643
