m_per_m: 0.21241694688796997
rad_per_m: 0.001368827885016799
