m_per_m: 0.1338314563035965
rad_per_m: 0.0011861352249979973
