m_per_m: 0.14870429039001465
rad_per_m: 0.0011863959953188896
