m_per_m: 0.12580332159996033
rad_per_m: 0.001238655298948288
