m_per_m: 0.1330150067806244
rad_per_m: 0.0011863711988553405
