m_per_m: 0.7507303953170776
rad_per_m: 0.008402474224567413
