m_per_m: 0.2776964604854584
rad_per_m: 0.0011727879755198956
