m_per_m: 0.19860316812992096
rad_per_m: 0.001095116138458252
