m_per_m: 0.13902032375335693
rad_per_m: 0.0012989954557269812
