m_per_m: 0.12605351209640503
rad_per_m: 0.001209863694384694
