m_per_m: 0.2617536783218384
rad_per_m: 0.0013455796288326383
