m_per_m: 0.6393683552742004
rad_per_m: 0.005903886165469885
