m_per_m: 0.16060924530029297
rad_per_m: 0.0017819050699472427
