m_per_m: 0.1260797381401062
rad_per_m: 0.0012376573868095875
