m_per_m: 0.183038592338562
rad_per_m: 0.0016108397394418716
