m_per_m: 0.14693960547447205
rad_per_m: 0.0013005249202251434
