m_per_m: 0.18917153775691986
rad_per_m: 0.0008914757636375725
