m_per_m: 0.1628698855638504
rad_per_m: 0.0013455669395625591
