m_per_m: 0.1969008445739746
rad_per_m: 0.0010913967853412032
