m_per_m: 0.12605977058410645
rad_per_m: 0.0012098713777959347
