m_per_m: 0.159873828291893
rad_per_m: 0.00179268978536129
