m_per_m: 0.16974973678588867
rad_per_m: 0.0017716160509735346
