m_per_m: 0.2196129709482193
rad_per_m: 0.0013733102241531014
