m_per_m: 0.12615421414375305
rad_per_m: 0.001238082186318934
