m_per_m: 0.19893161952495575
rad_per_m: 0.0010938551276922226
