m_per_m: 0.16247136890888214
rad_per_m: 0.0013449543621391058
