m_per_m: 0.16284623742103577
rad_per_m: 0.0013443630887195468
