m_per_m: 0.11503218114376068
rad_per_m: 0.0011912067420780659
