m_per_m: 0.15513412654399872
rad_per_m: 0.0021948262583464384
