m_per_m: 0.12605534493923187
rad_per_m: 0.0012098147999495268
