m_per_m: 0.12477003782987595
rad_per_m: 0.0005113454535603523
