m_per_m: 0.12568716704845428
rad_per_m: 0.0012100094463676214
