m_per_m: 0.14857839047908783
rad_per_m: 0.0012994168791919947
