m_per_m: 0.1259332299232483
rad_per_m: 0.0012388702016323805
