m_per_m: 0.18272560834884644
rad_per_m: 0.001610862440429628
