m_per_m: 0.12059319019317627
rad_per_m: 0.0005089193000458181
