m_per_m: 0.16318413615226746
rad_per_m: 0.0005069338367320597
