m_per_m: 0.2126227170228958
rad_per_m: 0.0013689934276044369
