m_per_m: 0.12286767363548279
rad_per_m: 0.0012040423462167382
