m_per_m: 0.19804039597511292
rad_per_m: 0.0010762490564957261
