m_per_m: 0.17928752303123474
rad_per_m: 0.001080105546861887
