m_per_m: 0.18065546452999115
rad_per_m: 0.0010829903185367584
