m_per_m: 0.14850974082946777
rad_per_m: 0.001299272058531642
