m_per_m: 0.10967321693897247
rad_per_m: 0.0005084613221697509
