m_per_m: 0.21278749406337738
rad_per_m: 0.0013687562895938754
