m_per_m: 0.1261061728000641
rad_per_m: 0.0012381523847579956
