m_per_m: 0.19862012565135956
rad_per_m: 0.0010952361626550555
