m_per_m: 0.13393189013004303
rad_per_m: 0.0011862029787153006
