m_per_m: 0.1259535551071167
rad_per_m: 0.0012092710239812732
