m_per_m: 0.11946240812540054
rad_per_m: 0.001234529074281454
