m_per_m: 0.14550688862800598
rad_per_m: 0.0012996207224205136
