m_per_m: 0.13210798799991608
rad_per_m: 0.001192236552014947
