m_per_m: 0.1260564923286438
rad_per_m: 0.0012098090955987573
