m_per_m: 0.19799204170703888
rad_per_m: 0.0011003002291545272
