m_per_m: 0.16086991131305695
rad_per_m: 0.0017862357199192047
