m_per_m: 0.12615501880645752
rad_per_m: 0.0012380816042423248
