m_per_m: 0.1812662035226822
rad_per_m: 0.0010504077654331923
