m_per_m: 0.16353507339954376
rad_per_m: 0.0005073192878626287
