m_per_m: 0.1986164152622223
rad_per_m: 0.001095180748961866
