m_per_m: 0.1338932067155838
rad_per_m: 0.001186220208182931
