m_per_m: 0.1449069231748581
rad_per_m: 0.002390000270679593
