m_per_m: 0.13386958837509155
rad_per_m: 0.0011860522208735347
