m_per_m: 0.13301055133342743
rad_per_m: 0.0011857914505526423
