m_per_m: 0.16958686709403992
rad_per_m: 0.001779637997969985
