m_per_m: 0.16287076473236084
rad_per_m: 0.001345589873380959
