m_per_m: 0.12615542113780975
rad_per_m: 0.0012380881235003471
