m_per_m: 0.1624644696712494
rad_per_m: 0.0013446725206449628
