m_per_m: 0.20158521831035614
rad_per_m: 0.0017665388295426965
