m_per_m: 0.12598854303359985
rad_per_m: 0.0011858853977173567
