m_per_m: 0.1808628886938095
rad_per_m: 0.0015767973382025957
