m_per_m: 0.12604506313800812
rad_per_m: 0.0012092369142919779
